0.818731,
0.67032,
0.548812,
0.449329,
0.367879,
0.301194,
0.246597,
0.201897,
0.165299,
0.135335,
0.110803,
0.090718,
0.0742736,
0.0608101,
0.0497871,
0.0407622,
0.0333733,
0.0273237,
0.0223708,
0.0183156,
0.0149956,
0.0122773,
0.0100518,
0.00822975,
0.00673795,
0.00551656,
0.00451658,
0.00369786,
0.00302755,
0.00247875,
0.00202943,
0.820392,
0.67168,
0.549925,
0.450241,
0.368626,
0.301805,
0.247097,
0.202306,
0.165634,
0.13561,
0.111028,
0.0909021,
0.0744243,
0.0609335,
0.0498881,
0.0408449,
0.033441,
0.0273792,
0.0224162,
0.0183528,
0.015026,
0.0123023,
0.828803,
0.678566,
0.555563,
0.454857,
0.372405,
0.3049,
0.249631,
0.20438,
0.167332,
0.137,
0.112166,
0.091834,
0.0751873,
0.0615582,
0.0503996,
0.0412637,
0.0337838,
0.0276599,
0.022646,
0.018541,
0.0151801,
0.0124284,
0.828906,
0.678651,
0.555632,
0.454913,
0.372452,
0.304938,
0.249662,
0.204406,
0.167353,
0.137017,
0.11218,
0.0918454,
0.0751967,
0.0615658,
0.0504058,
0.0412688,
0.033788,
0.0276633,
0.0226488,
0.0185433,
0.0151819,
0.0124299,
0.828908,
0.678652,
0.555633,
0.372452,
0.304938,
0.249662,
0.204406,
0.167354,
0.137017,
0.11218,
0.0918456,
0.0751968,
0.0615659,
0.0504059,
0.0412689,
0.0337881,
0.0276634,
0.0226488,
0.0185433,
0.015182,
0.0124299,
0.828908,
0.678652,
0.555633,
0.454914,
0.372452,
0.304938,
0.249662,
0.204406,
0.167354,
0.137017,
0.11218,
0.0918456,
0.0751968,
0.0615659,
0.0504059,
0.0412689,
0.0337881,
0.0276634,
0.0226488,
0.0185433,
0.015182,
0.0124299,
0.828908,
0.678652,
0.555633,
0.454914,
0.372452,
0.304938,
0.249662,
0.204406,
0.167354,
0.137017,
0.11218,
0.0918456,
0.0751968,
0.0615659,
0.0504059,
0.0412689,
0.0337881,
0.0276634,
0.0226488,
0.0185433,
0.015182,
0.0124299,
0.828908,
0.678652,
0.555633,
0.454914,
0.372452,
0.304938,
0.249662,
0.204406,
0.167354,
0.137017,
0.11218,
0.0918456,
0.0751968,
0.0615659,
0.0504059,
0.0412689,
0.0337881,
0.0276634,
0.0226488,
0.0185433,
0.015182,
0.0124299,
0.828908,
0.678652,
0.555633,
0.454914,
0.372452,
0.304938,
0.249662,
0.204406,
0.167354,
0.137017,
0.11218,
0.0918456,
0.0751968,
0.0615659,
0.0504059,
0.0412689,
0.0337881,
0.0276634,
0.0226488,
0.0185433,
0.015182,
0.0124299,
0.0101768,
0.827063,
0.677142,
0.554397,
0.453902,
0.371623,
0.304259,
0.249107,
0.203951,
0.166981,
0.136713,
0.111931,
0.0916412,
0.0750294,
0.0614289,
0.0502937,
0.041177,
0.0337129,
0.0276018,
0.0225984,
0.018502,
0.0151482,
0.0124023,
0.0101541,
0.827044,
0.677127,
0.554384,
0.453892,
0.371615,
0.304253,
0.249101,
0.203947,
0.166977,
0.136709,
0.111928,
0.0916391,
0.0750278,
0.0614275,
0.0502926,
0.0411761,
0.0337121,
0.0276012,
0.0225979,
0.0185016,
0.0151478,
0.012402,
0.828885,
0.678633,
0.555618,
0.454902,
0.372442,
0.30493,
0.249655,
0.2044,
0.167349,
0.137014,
0.112177,
0.091843,
0.0751947,
0.0615642,
0.0504045,
0.0412677,
0.0337872,
0.0276626,
0.0226482,
0.0185428,
0.0151816,
0.0124296,
0.828907,
0.678652,
0.555633,
0.454914,
0.372452,
0.304938,
0.249662,
0.204406,
0.167353,
0.137017,
0.11218,
0.0918455,
0.0751968,
0.0615659,
0.0504059,
0.0412689,
0.0337881,
0.0276633,
0.0226488,
0.0185433,
0.015182,
0.0124299,
0.828908,
0.678652,
0.555633,
0.454914,
0.372452,
0.304938,
0.249662,
0.204406,
0.167354,
0.137017,
0.11218,
0.0918456,
0.0751968,
0.0615659,
0.0504059,
0.0412689,
0.0337881,
0.0276634,
0.0226488,
0.0185433,
0.015182,
0.0124299,
0.828908,
0.678652,
0.555633,
0.454914,
0.372452,
0.304938,
0.249662,
0.204406,
0.167354,
0.137017,
0.11218,
0.0918456,
0.0751968,
0.0615659,
0.0504059,
0.0412689,
0.0337881,
0.0276634,
0.0226488,
0.0185433,
0.015182,
0.0124299,
0.0101768,
0.827063,
0.677142,
0.554397,
0.453902,
0.371623,
0.304259,
0.249107,
0.203951,
0.166981,
0.136713,
0.111931,
0.0916412,
0.0750294,
0.0614289,
0.0502937,
0.041177,
0.0337129,
0.0276018,
0.0225984,
0.018502,
0.0151482,
0.0124023,
0.0101541,
0.827044,
0.677127,
0.554384,
0.453892,
0.371615,
0.304253,
0.249101,
0.203947,
0.166977,
0.136709,
0.111928,
0.0916391,
0.0750278,
0.0614275,
0.0502926,
0.0411761,
0.0337121,
0.0276012,
0.0225979,
0.0185016,
0.0151478,
0.012402,
0.0101539,
0.827044,
0.677126,
0.554384,
0.453891,
0.371615,
0.304253,
0.249101,
0.203947,
0.166977,
0.136709,
0.111928,
0.0916391,
0.0750277,
0.0614275,
0.0502926,
0.0411761,
0.0337121,
0.0276012,
0.0225979,
0.0185016,
0.0151478,
0.012402,
0.828885,
0.678633,
0.555618,
0.454902,
0.372442,
0.30493,
0.249655,
0.2044,
0.167349,
0.137014,
0.112177,
0.091843,
0.0751947,
0.0615642,
0.0504045,
0.0412677,
0.0337872,
0.0276626,
0.0226482,
0.0185428,
0.0151816,
0.0124296,
0.828907,
0.678652,
0.555633,
0.454914,
0.372452,
0.304938,
0.249662,
0.204406,
0.167353,
0.137017,
0.11218,
0.0918455,
0.0751968,
0.0615659,
0.0504059,
0.0412689,
0.0337881,
0.0276633,
0.0226488,
0.0185433,
0.015182,
0.0124299,
0.828908,
0.678652,
0.555633,
0.454914,
0.372452,
0.304938,
0.249662,
0.204406,
0.167354,
0.137017,
0.11218,
0.0918456,
0.0751968,
0.0615659,
0.0504059,
0.0412689,
0.0337881,
0.0276634,
0.0226488,
0.0185433,
0.015182,
0.0124299,
0.0101768,
0.827063,
0.677142,
0.554397,
0.453902,
0.371623,
0.304259,
0.249107,
0.203951,
0.166981,
0.136713,
0.111931,
0.0916412,
0.0750294,
0.0614289,
0.0502937,
0.041177,
0.0337129,
0.0276018,
0.0225984,
0.018502,
0.0151482,
0.0124023,
0.0101541,
0.827044,
0.677127,
0.554384,
0.453892,
0.371615,
0.304253,
0.249101,
0.203947,
0.166977,
0.136709,
0.111928,
0.0916391,
0.0750278,
0.0614275,
0.0502926,
0.0411761,
0.0337121,
0.0276012,
0.0225979,
0.0185016,
0.0151478,
0.012402,
0.828885,
0.678633,
0.555618,
0.454902,
0.372442,
0.30493,
0.249655,
0.2044,
0.167349,
0.137014,
0.112177,
0.091843,
0.0751947,
0.0615642,
0.0504045,
0.0412677,
0.0337872,
0.0276626,
0.0226482,
0.0185428,
0.0151816,
0.0124296,
0.828907,
0.678652,
0.555633,
0.454914,
0.372452,
0.304938,
0.249662,
0.204406,
0.167353,
0.137017,
0.11218,
0.0918455,
0.0751968,
0.0615659,
0.0504059,
0.0412689,
0.0337881,
0.0276633,
0.0226488,
0.0185433,
0.015182,
0.0124299,
0.0101768,
0.827063,
0.677142,
0.554397,
0.453902,
0.371623,
0.304259,
